130 cube_3/3/3 54 9 0
d0 0 1 2 3 4 5 6 7 8 9 10 11 12 13 14 42 43 44 18 19 20 21 22 23 15 16 17 27 28 29 30 31 32 24 25 26 36 37 38 39 40 41 33 34 35 51 48 45 52 49 46 53 50 47
d1 0 1 2 3 4 5 6 7 8 9 10 11 39 40 41 15 16 17 18 19 20 12 13 14 24 25 26 27 28 29 21 22 23 33 34 35 36 37 38 30 31 32 42 43 44 45 46 47 48 49 50 51 52 53
d2 2 5 8 1 4 7 0 3 6 36 37 38 12 13 14 15 16 17 9 10 11 21 22 23 24 25 26 18 19 20 30 31 32 33 34 35 27 28 29 39 40 41 42 43 44 45 46 47 48 49 50 51 52 53
f0 0 1 2 3 4 5 44 41 38 15 12 9 16 13 10 17 14 11 6 19 20 7 22 23 8 25 26 27 28 29 30 31 32 33 34 35 36 37 45 39 40 46 42 43 47 24 21 18 48 49 50 51 52 53
f1 0 1 2 43 40 37 6 7 8 9 10 11 12 13 14 15 16 17 18 3 20 21 4 23 24 5 26 27 28 29 30 31 32 33 34 35 36 48 38 39 49 41 42 50 44 45 46 47 25 22 19 51 52 53
f2 42 39 36 3 4 5 6 7 8 9 10 11 12 13 14 15 16 17 18 19 0 21 22 1 24 25 2 29 32 35 28 31 34 27 30 33 51 37 38 52 40 41 53 43 44 45 46 47 48 49 50 26 23 20
r0 0 1 11 3 4 14 6 7 17 9 10 47 12 13 50 15 16 53 24 21 18 25 22 19 26 23 20 8 28 29 5 31 32 2 34 35 36 37 38 39 40 41 42 43 44 45 46 33 48 49 30 51 52 27
r1 0 10 2 3 13 5 6 16 8 9 46 11 12 49 14 15 52 17 18 19 20 21 22 23 24 25 26 27 7 29 30 4 32 33 1 35 36 37 38 39 40 41 42 43 44 45 34 47 48 31 50 51 28 53
r2 9 1 2 12 4 5 15 7 8 45 10 11 48 13 14 51 16 17 18 19 20 21 22 23 24 25 26 27 28 6 30 31 3 33 34 0 38 41 44 37 40 43 36 39 42 35 46 47 32 49 50 29 52 53
0 1 0 1 0 1 0 1 0 1 2 1 2 1 2 1 2 1 2 3 2 3 2 3 2 3 2 3 4 3 4 3 4 3 4 3 4 5 4 5 4 5 4 5 4 5 0 5 0 5 0 5 0 5
2 1 3 1 1 2 5 4 0 1 3 3 1 2 0 0 4 1 4 5 0 5 0 1 5 0 5 2 5 0 2 4 0 3 3 2 1 4 2 4 5 3 3 0 4 1 5 4 3 3 2 5 2 4
