171 cube_4/4/4 96 12 0
d0 0 1 2 3 4 5 6 7 8 9 10 11 12 13 14 15 16 17 18 19 20 21 22 23 24 25 26 27 76 77 78 79 32 33 34 35 36 37 38 39 40 41 42 43 28 29 30 31 48 49 50 51 52 53 54 55 56 57 58 59 44 45 46 47 64 65 66 67 68 69 70 71 72 73 74 75 60 61 62 63 92 88 84 80 93 89 85 81 94 90 86 82 95 91 87 83
d1 0 1 2 3 4 5 6 7 8 9 10 11 12 13 14 15 16 17 18 19 20 21 22 23 72 73 74 75 28 29 30 31 32 33 34 35 36 37 38 39 24 25 26 27 44 45 46 47 48 49 50 51 52 53 54 55 40 41 42 43 60 61 62 63 64 65 66 67 68 69 70 71 56 57 58 59 76 77 78 79 80 81 82 83 84 85 86 87 88 89 90 91 92 93 94 95
d2 0 1 2 3 4 5 6 7 8 9 10 11 12 13 14 15 16 17 18 19 68 69 70 71 24 25 26 27 28 29 30 31 32 33 34 35 20 21 22 23 40 41 42 43 44 45 46 47 48 49 50 51 36 37 38 39 56 57 58 59 60 61 62 63 64 65 66 67 52 53 54 55 72 73 74 75 76 77 78 79 80 81 82 83 84 85 86 87 88 89 90 91 92 93 94 95
d3 3 7 11 15 2 6 10 14 1 5 9 13 0 4 8 12 64 65 66 67 20 21 22 23 24 25 26 27 28 29 30 31 16 17 18 19 36 37 38 39 40 41 42 43 44 45 46 47 32 33 34 35 52 53 54 55 56 57 58 59 60 61 62 63 48 49 50 51 68 69 70 71 72 73 74 75 76 77 78 79 80 81 82 83 84 85 86 87 88 89 90 91 92 93 94 95
f0 0 1 2 3 4 5 6 7 8 9 10 11 79 75 71 67 28 24 20 16 29 25 21 17 30 26 22 18 31 27 23 19 12 33 34 35 13 37 38 39 14 41 42 43 15 45 46 47 48 49 50 51 52 53 54 55 56 57 58 59 60 61 62 63 64 65 66 80 68 69 70 81 72 73 74 82 76 77 78 83 44 40 36 32 84 85 86 87 88 89 90 91 92 93 94 95
f1 0 1 2 3 4 5 6 7 78 74 70 66 12 13 14 15 16 17 18 19 20 21 22 23 24 25 26 27 28 29 30 31 32 8 34 35 36 9 38 39 40 10 42 43 44 11 46 47 48 49 50 51 52 53 54 55 56 57 58 59 60 61 62 63 64 65 84 67 68 69 85 71 72 73 86 75 76 77 87 79 80 81 82 83 45 41 37 33 88 89 90 91 92 93 94 95
f2 0 1 2 3 77 73 69 65 8 9 10 11 12 13 14 15 16 17 18 19 20 21 22 23 24 25 26 27 28 29 30 31 32 33 4 35 36 37 5 39 40 41 6 43 44 45 7 47 48 49 50 51 52 53 54 55 56 57 58 59 60 61 62 63 64 88 66 67 68 89 70 71 72 90 74 75 76 91 78 79 80 81 82 83 84 85 86 87 46 42 38 34 92 93 94 95
f3 76 72 68 64 4 5 6 7 8 9 10 11 12 13 14 15 16 17 18 19 20 21 22 23 24 25 26 27 28 29 30 31 32 33 34 0 36 37 38 1 40 41 42 2 44 45 46 3 51 55 59 63 50 54 58 62 49 53 57 61 48 52 56 60 92 65 66 67 93 69 70 71 94 73 74 75 95 77 78 79 80 81 82 83 84 85 86 87 88 89 90 91 47 43 39 35
r0 0 1 2 19 4 5 6 23 8 9 10 27 12 13 14 31 16 17 18 83 20 21 22 87 24 25 26 91 28 29 30 95 44 40 36 32 45 41 37 33 46 42 38 34 47 43 39 35 15 49 50 51 11 53 54 55 7 57 58 59 3 61 62 63 64 65 66 67 68 69 70 71 72 73 74 75 76 77 78 79 80 81 82 60 84 85 86 56 88 89 90 52 92 93 94 48
r1 0 1 18 3 4 5 22 7 8 9 26 11 12 13 30 15 16 17 82 19 20 21 86 23 24 25 90 27 28 29 94 31 32 33 34 35 36 37 38 39 40 41 42 43 44 45 46 47 48 14 50 51 52 10 54 55 56 6 58 59 60 2 62 63 64 65 66 67 68 69 70 71 72 73 74 75 76 77 78 79 80 81 61 83 84 85 57 87 88 89 53 91 92 93 49 95
r2 0 17 2 3 4 21 6 7 8 25 10 11 12 29 14 15 16 81 18 19 20 85 22 23 24 89 26 27 28 93 30 31 32 33 34 35 36 37 38 39 40 41 42 43 44 45 46 47 48 49 13 51 52 53 9 55 56 57 5 59 60 61 1 63 64 65 66 67 68 69 70 71 72 73 74 75 76 77 78 79 80 62 82 83 84 58 86 87 88 54 90 91 92 50 94 95
r3 16 1 2 3 20 5 6 7 24 9 10 11 28 13 14 15 80 17 18 19 84 21 22 23 88 25 26 27 92 29 30 31 32 33 34 35 36 37 38 39 40 41 42 43 44 45 46 47 48 49 50 12 52 53 54 8 56 57 58 4 60 61 62 0 67 71 75 79 66 70 74 78 65 69 73 77 64 68 72 76 63 81 82 83 59 85 86 87 55 89 90 91 51 93 94 95
0 0 0 0 0 0 0 0 0 0 0 0 0 0 0 0 1 1 1 1 1 1 1 1 1 1 1 1 1 1 1 1 2 2 2 2 2 2 2 2 2 2 2 2 2 2 2 2 3 3 3 3 3 3 3 3 3 3 3 3 3 3 3 3 4 4 4 4 4 4 4 4 4 4 4 4 4 4 4 4 5 5 5 5 5 5 5 5 5 5 5 5 5 5 5 5
4 2 2 1 3 2 3 4 3 4 2 4 3 4 2 5 0 5 0 1 3 0 1 5 2 0 4 0 0 1 4 2 4 1 0 0 2 5 5 3 1 5 1 1 3 5 1 2 4 1 5 3 0 2 4 4 0 0 1 1 5 4 0 0 5 4 4 4 1 3 3 5 2 3 5 3 3 2 3 1 2 5 5 5 2 0 4 3 0 2 1 5 2 3 0 1
