229 cube_5/5/5 150 15 0
d0 0 1 2 3 4 5 6 7 8 9 10 11 12 13 14 15 16 17 18 19 20 21 22 23 24 25 26 27 28 29 30 31 32 33 34 35 36 37 38 39 40 41 42 43 44 120 121 122 123 124 50 51 52 53 54 55 56 57 58 59 60 61 62 63 64 65 66 67 68 69 45 46 47 48 49 75 76 77 78 79 80 81 82 83 84 85 86 87 88 89 90 91 92 93 94 70 71 72 73 74 100 101 102 103 104 105 106 107 108 109 110 111 112 113 114 115 116 117 118 119 95 96 97 98 99 145 140 135 130 125 146 141 136 131 126 147 142 137 132 127 148 143 138 133 128 149 144 139 134 129
d1 0 1 2 3 4 5 6 7 8 9 10 11 12 13 14 15 16 17 18 19 20 21 22 23 24 25 26 27 28 29 30 31 32 33 34 35 36 37 38 39 115 116 117 118 119 45 46 47 48 49 50 51 52 53 54 55 56 57 58 59 60 61 62 63 64 40 41 42 43 44 70 71 72 73 74 75 76 77 78 79 80 81 82 83 84 85 86 87 88 89 65 66 67 68 69 95 96 97 98 99 100 101 102 103 104 105 106 107 108 109 110 111 112 113 114 90 91 92 93 94 120 121 122 123 124 125 126 127 128 129 130 131 132 133 134 135 136 137 138 139 140 141 142 143 144 145 146 147 148 149
d2 0 1 2 3 4 5 6 7 8 9 10 11 12 13 14 15 16 17 18 19 20 21 22 23 24 25 26 27 28 29 30 31 32 33 34 110 111 112 113 114 40 41 42 43 44 45 46 47 48 49 50 51 52 53 54 55 56 57 58 59 35 36 37 38 39 65 66 67 68 69 70 71 72 73 74 75 76 77 78 79 80 81 82 83 84 60 61 62 63 64 90 91 92 93 94 95 96 97 98 99 100 101 102 103 104 105 106 107 108 109 85 86 87 88 89 115 116 117 118 119 120 121 122 123 124 125 126 127 128 129 130 131 132 133 134 135 136 137 138 139 140 141 142 143 144 145 146 147 148 149
d3 0 1 2 3 4 5 6 7 8 9 10 11 12 13 14 15 16 17 18 19 20 21 22 23 24 25 26 27 28 29 105 106 107 108 109 35 36 37 38 39 40 41 42 43 44 45 46 47 48 49 50 51 52 53 54 30 31 32 33 34 60 61 62 63 64 65 66 67 68 69 70 71 72 73 74 75 76 77 78 79 55 56 57 58 59 85 86 87 88 89 90 91 92 93 94 95 96 97 98 99 100 101 102 103 104 80 81 82 83 84 110 111 112 113 114 115 116 117 118 119 120 121 122 123 124 125 126 127 128 129 130 131 132 133 134 135 136 137 138 139 140 141 142 143 144 145 146 147 148 149
d4 4 9 14 19 24 3 8 13 18 23 2 7 12 17 22 1 6 11 16 21 0 5 10 15 20 100 101 102 103 104 30 31 32 33 34 35 36 37 38 39 40 41 42 43 44 45 46 47 48 49 25 26 27 28 29 55 56 57 58 59 60 61 62 63 64 65 66 67 68 69 70 71 72 73 74 50 51 52 53 54 80 81 82 83 84 85 86 87 88 89 90 91 92 93 94 95 96 97 98 99 75 76 77 78 79 105 106 107 108 109 110 111 112 113 114 115 116 117 118 119 120 121 122 123 124 125 126 127 128 129 130 131 132 133 134 135 136 137 138 139 140 141 142 143 144 145 146 147 148 149
f0 0 1 2 3 4 5 6 7 8 9 10 11 12 13 14 15 16 17 18 19 124 119 114 109 104 45 40 35 30 25 46 41 36 31 26 47 42 37 32 27 48 43 38 33 28 49 44 39 34 29 20 51 52 53 54 21 56 57 58 59 22 61 62 63 64 23 66 67 68 69 24 71 72 73 74 75 76 77 78 79 80 81 82 83 84 85 86 87 88 89 90 91 92 93 94 95 96 97 98 99 100 101 102 103 125 105 106 107 108 126 110 111 112 113 127 115 116 117 118 128 120 121 122 123 129 70 65 60 55 50 130 131 132 133 134 135 136 137 138 139 140 141 142 143 144 145 146 147 148 149
f1 0 1 2 3 4 5 6 7 8 9 10 11 12 13 14 123 118 113 108 103 20 21 22 23 24 25 26 27 28 29 30 31 32 33 34 35 36 37 38 39 40 41 42 43 44 45 46 47 48 49 50 15 52 53 54 55 16 57 58 59 60 17 62 63 64 65 18 67 68 69 70 19 72 73 74 75 76 77 78 79 80 81 82 83 84 85 86 87 88 89 90 91 92 93 94 95 96 97 98 99 100 101 102 130 104 105 106 107 131 109 110 111 112 132 114 115 116 117 133 119 120 121 122 134 124 125 126 127 128 129 71 66 61 56 51 135 136 137 138 139 140 141 142 143 144 145 146 147 148 149
f2 0 1 2 3 4 5 6 7 8 9 122 117 112 107 102 15 16 17 18 19 20 21 22 23 24 25 26 27 28 29 30 31 32 33 34 35 36 37 38 39 40 41 42 43 44 45 46 47 48 49 50 51 10 53 54 55 56 11 58 59 60 61 12 63 64 65 66 13 68 69 70 71 14 73 74 75 76 77 78 79 80 81 82 83 84 85 86 87 88 89 90 91 92 93 94 95 96 97 98 99 100 101 135 103 104 105 106 136 108 109 110 111 137 113 114 115 116 138 118 119 120 121 139 123 124 125 126 127 128 129 130 131 132 133 134 72 67 62 57 52 140 141 142 143 144 145 146 147 148 149
f3 0 1 2 3 4 121 116 111 106 101 10 11 12 13 14 15 16 17 18 19 20 21 22 23 24 25 26 27 28 29 30 31 32 33 34 35 36 37 38 39 40 41 42 43 44 45 46 47 48 49 50 51 52 5 54 55 56 57 6 59 60 61 62 7 64 65 66 67 8 69 70 71 72 9 74 75 76 77 78 79 80 81 82 83 84 85 86 87 88 89 90 91 92 93 94 95 96 97 98 99 100 140 102 103 104 105 141 107 108 109 110 142 112 113 114 115 143 117 118 119 120 144 122 123 124 125 126 127 128 129 130 131 132 133 134 135 136 137 138 139 73 68 63 58 53 145 146 147 148 149
f4 120 115 110 105 100 5 6 7 8 9 10 11 12 13 14 15 16 17 18 19 20 21 22 23 24 25 26 27 28 29 30 31 32 33 34 35 36 37 38 39 40 41 42 43 44 45 46 47 48 49 50 51 52 53 0 55 56 57 58 1 60 61 62 63 2 65 66 67 68 3 70 71 72 73 4 79 84 89 94 99 78 83 88 93 98 77 82 87 92 97 76 81 86 91 96 75 80 85 90 95 145 101 102 103 104 146 106 107 108 109 147 111 112 113 114 148 116 117 118 119 149 121 122 123 124 125 126 127 128 129 130 131 132 133 134 135 136 137 138 139 140 141 142 143 144 74 69 64 59 54
r0 0 1 2 3 29 5 6 7 8 34 10 11 12 13 39 15 16 17 18 44 20 21 22 23 49 25 26 27 28 129 30 31 32 33 134 35 36 37 38 139 40 41 42 43 144 45 46 47 48 149 70 65 60 55 50 71 66 61 56 51 72 67 62 57 52 73 68 63 58 53 74 69 64 59 54 24 76 77 78 79 19 81 82 83 84 14 86 87 88 89 9 91 92 93 94 4 96 97 98 99 100 101 102 103 104 105 106 107 108 109 110 111 112 113 114 115 116 117 118 119 120 121 122 123 124 125 126 127 128 95 130 131 132 133 90 135 136 137 138 85 140 141 142 143 80 145 146 147 148 75
r1 0 1 2 28 4 5 6 7 33 9 10 11 12 38 14 15 16 17 43 19 20 21 22 48 24 25 26 27 128 29 30 31 32 133 34 35 36 37 138 39 40 41 42 143 44 45 46 47 148 49 50 51 52 53 54 55 56 57 58 59 60 61 62 63 64 65 66 67 68 69 70 71 72 73 74 75 23 77 78 79 80 18 82 83 84 85 13 87 88 89 90 8 92 93 94 95 3 97 98 99 100 101 102 103 104 105 106 107 108 109 110 111 112 113 114 115 116 117 118 119 120 121 122 123 124 125 126 127 96 129 130 131 132 91 134 135 136 137 86 139 140 141 142 81 144 145 146 147 76 149
r2 0 1 27 3 4 5 6 32 8 9 10 11 37 13 14 15 16 42 18 19 20 21 47 23 24 25 26 127 28 29 30 31 132 33 34 35 36 137 38 39 40 41 142 43 44 45 46 147 48 49 50 51 52 53 54 55 56 57 58 59 60 61 62 63 64 65 66 67 68 69 70 71 72 73 74 75 76 22 78 79 80 81 17 83 84 85 86 12 88 89 90 91 7 93 94 95 96 2 98 99 100 101 102 103 104 105 106 107 108 109 110 111 112 113 114 115 116 117 118 119 120 121 122 123 124 125 126 97 128 129 130 131 92 133 134 135 136 87 138 139 140 141 82 143 144 145 146 77 148 149
r3 0 26 2 3 4 5 31 7 8 9 10 36 12 13 14 15 41 17 18 19 20 46 22 23 24 25 126 27 28 29 30 131 32 33 34 35 136 37 38 39 40 141 42 43 44 45 146 47 48 49 50 51 52 53 54 55 56 57 58 59 60 61 62 63 64 65 66 67 68 69 70 71 72 73 74 75 76 77 21 79 80 81 82 16 84 85 86 87 11 89 90 91 92 6 94 95 96 97 1 99 100 101 102 103 104 105 106 107 108 109 110 111 112 113 114 115 116 117 118 119 120 121 122 123 124 125 98 127 128 129 130 93 132 133 134 135 88 137 138 139 140 83 142 143 144 145 78 147 148 149
r4 25 1 2 3 4 30 6 7 8 9 35 11 12 13 14 40 16 17 18 19 45 21 22 23 24 125 26 27 28 29 130 31 32 33 34 135 36 37 38 39 140 41 42 43 44 145 46 47 48 49 50 51 52 53 54 55 56 57 58 59 60 61 62 63 64 65 66 67 68 69 70 71 72 73 74 75 76 77 78 20 80 81 82 83 15 85 86 87 88 10 90 91 92 93 5 95 96 97 98 0 104 109 114 119 124 103 108 113 118 123 102 107 112 117 122 101 106 111 116 121 100 105 110 115 120 99 126 127 128 129 94 131 132 133 134 89 136 137 138 139 84 141 142 143 144 79 146 147 148 149
0 0 0 0 0 0 0 0 0 0 0 0 0 0 0 0 0 0 0 0 0 0 0 0 0 1 1 1 1 1 1 1 1 1 1 1 1 1 1 1 1 1 1 1 1 1 1 1 1 1 2 2 2 2 2 2 2 2 2 2 2 2 2 2 2 2 2 2 2 2 2 2 2 2 2 3 3 3 3 3 3 3 3 3 3 3 3 3 3 3 3 3 3 3 3 3 3 3 3 3 4 4 4 4 4 4 4 4 4 4 4 4 4 4 4 4 4 4 4 4 4 4 4 4 4 5 5 5 5 5 5 5 5 5 5 5 5 5 5 5 5 5 5 5 5 5 5 5 5 5
3 3 2 2 1 2 1 5 2 4 1 4 5 1 1 0 0 0 4 0 0 5 2 3 2 3 4 5 4 0 2 5 4 4 5 5 1 3 5 3 3 0 5 2 1 4 5 2 1 5 1 2 2 1 4 4 4 1 2 3 0 3 2 5 4 5 2 0 4 5 2 1 5 5 1 5 5 3 0 4 5 5 2 3 4 0 0 1 2 3 1 0 3 3 3 2 0 1 0 0 0 1 4 4 2 3 5 2 1 0 5 4 4 4 1 2 3 3 1 2 1 4 3 2 3 5 2 0 0 3 1 1 3 0 0 4 1 0 0 4 1 5 2 3 3 4 3 0 4 5
