346 globe_1/8 32 18 0
f0 23 22 21 20 19 18 17 16 8 9 10 11 12 13 14 15 7 6 5 4 3 2 1 0 24 25 26 27 28 29 30 31
f1 0 24 23 22 21 20 19 18 17 9 10 11 12 13 14 15 16 8 7 6 5 4 3 2 1 25 26 27 28 29 30 31
f2 0 1 25 24 23 22 21 20 19 18 10 11 12 13 14 15 16 17 9 8 7 6 5 4 3 2 26 27 28 29 30 31
f3 0 1 2 26 25 24 23 22 21 20 19 11 12 13 14 15 16 17 18 10 9 8 7 6 5 4 3 27 28 29 30 31
f4 0 1 2 3 27 26 25 24 23 22 21 20 12 13 14 15 16 17 18 19 11 10 9 8 7 6 5 4 28 29 30 31
f5 0 1 2 3 4 28 27 26 25 24 23 22 21 13 14 15 16 17 18 19 20 12 11 10 9 8 7 6 5 29 30 31
f6 0 1 2 3 4 5 29 28 27 26 25 24 23 22 14 15 16 17 18 19 20 21 13 12 11 10 9 8 7 6 30 31
f7 0 1 2 3 4 5 6 30 29 28 27 26 25 24 23 15 16 17 18 19 20 21 22 14 13 12 11 10 9 8 7 31
f8 0 1 2 3 4 5 6 7 31 30 29 28 27 26 25 24 16 17 18 19 20 21 22 23 15 14 13 12 11 10 9 8
f9 25 1 2 3 4 5 6 7 8 16 31 30 29 28 27 26 9 17 18 19 20 21 22 23 24 0 15 14 13 12 11 10
f10 27 26 2 3 4 5 6 7 8 9 17 16 31 30 29 28 11 10 18 19 20 21 22 23 24 25 1 0 15 14 13 12
f11 29 28 27 3 4 5 6 7 8 9 10 18 17 16 31 30 13 12 11 19 20 21 22 23 24 25 26 2 1 0 15 14
f12 31 30 29 28 4 5 6 7 8 9 10 11 19 18 17 16 15 14 13 12 20 21 22 23 24 25 26 27 3 2 1 0
f13 17 16 31 30 29 5 6 7 8 9 10 11 12 20 19 18 1 0 15 14 13 21 22 23 24 25 26 27 28 4 3 2
f14 19 18 17 16 31 30 6 7 8 9 10 11 12 13 21 20 3 2 1 0 15 14 22 23 24 25 26 27 28 29 5 4
f15 21 20 19 18 17 16 31 7 8 9 10 11 12 13 14 22 5 4 3 2 1 0 15 23 24 25 26 27 28 29 30 6
r0 1 2 3 4 5 6 7 8 9 10 11 12 13 14 15 0 16 17 18 19 20 21 22 23 24 25 26 27 28 29 30 31
r1 0 1 2 3 4 5 6 7 8 9 10 11 12 13 14 15 17 18 19 20 21 22 23 24 25 26 27 28 29 30 31 16
0 1 2 3 4 5 6 7 8 9 10 11 12 13 14 15 16 17 18 19 20 21 22 23 24 25 26 27 28 29 30 31
9 7 17 11 30 14 5 0 16 31 6 4 1 8 12 13 15 22 26 27 3 21 19 25 29 23 20 28 2 18 24 10
