352 globe_1/16 64 34 2
f0 47 46 45 44 43 42 41 40 39 38 37 36 35 34 33 32 16 17 18 19 20 21 22 23 24 25 26 27 28 29 30 31 15 14 13 12 11 10 9 8 7 6 5 4 3 2 1 0 48 49 50 51 52 53 54 55 56 57 58 59 60 61 62 63
f1 0 48 47 46 45 44 43 42 41 40 39 38 37 36 35 34 33 17 18 19 20 21 22 23 24 25 26 27 28 29 30 31 32 16 15 14 13 12 11 10 9 8 7 6 5 4 3 2 1 49 50 51 52 53 54 55 56 57 58 59 60 61 62 63
f2 0 1 49 48 47 46 45 44 43 42 41 40 39 38 37 36 35 34 18 19 20 21 22 23 24 25 26 27 28 29 30 31 32 33 17 16 15 14 13 12 11 10 9 8 7 6 5 4 3 2 50 51 52 53 54 55 56 57 58 59 60 61 62 63
f3 0 1 2 50 49 48 47 46 45 44 43 42 41 40 39 38 37 36 35 19 20 21 22 23 24 25 26 27 28 29 30 31 32 33 34 18 17 16 15 14 13 12 11 10 9 8 7 6 5 4 3 51 52 53 54 55 56 57 58 59 60 61 62 63
f4 0 1 2 3 51 50 49 48 47 46 45 44 43 42 41 40 39 38 37 36 20 21 22 23 24 25 26 27 28 29 30 31 32 33 34 35 19 18 17 16 15 14 13 12 11 10 9 8 7 6 5 4 52 53 54 55 56 57 58 59 60 61 62 63
f5 0 1 2 3 4 52 51 50 49 48 47 46 45 44 43 42 41 40 39 38 37 21 22 23 24 25 26 27 28 29 30 31 32 33 34 35 36 20 19 18 17 16 15 14 13 12 11 10 9 8 7 6 5 53 54 55 56 57 58 59 60 61 62 63
f6 0 1 2 3 4 5 53 52 51 50 49 48 47 46 45 44 43 42 41 40 39 38 22 23 24 25 26 27 28 29 30 31 32 33 34 35 36 37 21 20 19 18 17 16 15 14 13 12 11 10 9 8 7 6 54 55 56 57 58 59 60 61 62 63
f7 0 1 2 3 4 5 6 54 53 52 51 50 49 48 47 46 45 44 43 42 41 40 39 23 24 25 26 27 28 29 30 31 32 33 34 35 36 37 38 22 21 20 19 18 17 16 15 14 13 12 11 10 9 8 7 55 56 57 58 59 60 61 62 63
f8 0 1 2 3 4 5 6 7 55 54 53 52 51 50 49 48 47 46 45 44 43 42 41 40 24 25 26 27 28 29 30 31 32 33 34 35 36 37 38 39 23 22 21 20 19 18 17 16 15 14 13 12 11 10 9 8 56 57 58 59 60 61 62 63
f9 0 1 2 3 4 5 6 7 8 56 55 54 53 52 51 50 49 48 47 46 45 44 43 42 41 25 26 27 28 29 30 31 32 33 34 35 36 37 38 39 40 24 23 22 21 20 19 18 17 16 15 14 13 12 11 10 9 57 58 59 60 61 62 63
f10 0 1 2 3 4 5 6 7 8 9 57 56 55 54 53 52 51 50 49 48 47 46 45 44 43 42 26 27 28 29 30 31 32 33 34 35 36 37 38 39 40 41 25 24 23 22 21 20 19 18 17 16 15 14 13 12 11 10 58 59 60 61 62 63
f11 0 1 2 3 4 5 6 7 8 9 10 58 57 56 55 54 53 52 51 50 49 48 47 46 45 44 43 27 28 29 30 31 32 33 34 35 36 37 38 39 40 41 42 26 25 24 23 22 21 20 19 18 17 16 15 14 13 12 11 59 60 61 62 63
f12 0 1 2 3 4 5 6 7 8 9 10 11 59 58 57 56 55 54 53 52 51 50 49 48 47 46 45 44 28 29 30 31 32 33 34 35 36 37 38 39 40 41 42 43 27 26 25 24 23 22 21 20 19 18 17 16 15 14 13 12 60 61 62 63
f13 0 1 2 3 4 5 6 7 8 9 10 11 12 60 59 58 57 56 55 54 53 52 51 50 49 48 47 46 45 29 30 31 32 33 34 35 36 37 38 39 40 41 42 43 44 28 27 26 25 24 23 22 21 20 19 18 17 16 15 14 13 61 62 63
f14 0 1 2 3 4 5 6 7 8 9 10 11 12 13 61 60 59 58 57 56 55 54 53 52 51 50 49 48 47 46 30 31 32 33 34 35 36 37 38 39 40 41 42 43 44 45 29 28 27 26 25 24 23 22 21 20 19 18 17 16 15 14 62 63
f15 0 1 2 3 4 5 6 7 8 9 10 11 12 13 14 62 61 60 59 58 57 56 55 54 53 52 51 50 49 48 47 31 32 33 34 35 36 37 38 39 40 41 42 43 44 45 46 30 29 28 27 26 25 24 23 22 21 20 19 18 17 16 15 63
f16 0 1 2 3 4 5 6 7 8 9 10 11 12 13 14 15 63 62 61 60 59 58 57 56 55 54 53 52 51 50 49 48 32 33 34 35 36 37 38 39 40 41 42 43 44 45 46 47 31 30 29 28 27 26 25 24 23 22 21 20 19 18 17 16
f17 49 1 2 3 4 5 6 7 8 9 10 11 12 13 14 15 16 32 63 62 61 60 59 58 57 56 55 54 53 52 51 50 17 33 34 35 36 37 38 39 40 41 42 43 44 45 46 47 48 0 31 30 29 28 27 26 25 24 23 22 21 20 19 18
f18 51 50 2 3 4 5 6 7 8 9 10 11 12 13 14 15 16 17 33 32 63 62 61 60 59 58 57 56 55 54 53 52 19 18 34 35 36 37 38 39 40 41 42 43 44 45 46 47 48 49 1 0 31 30 29 28 27 26 25 24 23 22 21 20
f19 53 52 51 3 4 5 6 7 8 9 10 11 12 13 14 15 16 17 18 34 33 32 63 62 61 60 59 58 57 56 55 54 21 20 19 35 36 37 38 39 40 41 42 43 44 45 46 47 48 49 50 2 1 0 31 30 29 28 27 26 25 24 23 22
f20 55 54 53 52 4 5 6 7 8 9 10 11 12 13 14 15 16 17 18 19 35 34 33 32 63 62 61 60 59 58 57 56 23 22 21 20 36 37 38 39 40 41 42 43 44 45 46 47 48 49 50 51 3 2 1 0 31 30 29 28 27 26 25 24
f21 57 56 55 54 53 5 6 7 8 9 10 11 12 13 14 15 16 17 18 19 20 36 35 34 33 32 63 62 61 60 59 58 25 24 23 22 21 37 38 39 40 41 42 43 44 45 46 47 48 49 50 51 52 4 3 2 1 0 31 30 29 28 27 26
f22 59 58 57 56 55 54 6 7 8 9 10 11 12 13 14 15 16 17 18 19 20 21 37 36 35 34 33 32 63 62 61 60 27 26 25 24 23 22 38 39 40 41 42 43 44 45 46 47 48 49 50 51 52 53 5 4 3 2 1 0 31 30 29 28
f23 61 60 59 58 57 56 55 7 8 9 10 11 12 13 14 15 16 17 18 19 20 21 22 38 37 36 35 34 33 32 63 62 29 28 27 26 25 24 23 39 40 41 42 43 44 45 46 47 48 49 50 51 52 53 54 6 5 4 3 2 1 0 31 30
f24 63 62 61 60 59 58 57 56 8 9 10 11 12 13 14 15 16 17 18 19 20 21 22 23 39 38 37 36 35 34 33 32 31 30 29 28 27 26 25 24 40 41 42 43 44 45 46 47 48 49 50 51 52 53 54 55 7 6 5 4 3 2 1 0
f25 33 32 63 62 61 60 59 58 57 9 10 11 12 13 14 15 16 17 18 19 20 21 22 23 24 40 39 38 37 36 35 34 1 0 31 30 29 28 27 26 25 41 42 43 44 45 46 47 48 49 50 51 52 53 54 55 56 8 7 6 5 4 3 2
f26 35 34 33 32 63 62 61 60 59 58 10 11 12 13 14 15 16 17 18 19 20 21 22 23 24 25 41 40 39 38 37 36 3 2 1 0 31 30 29 28 27 26 42 43 44 45 46 47 48 49 50 51 52 53 54 55 56 57 9 8 7 6 5 4
f27 37 36 35 34 33 32 63 62 61 60 59 11 12 13 14 15 16 17 18 19 20 21 22 23 24 25 26 42 41 40 39 38 5 4 3 2 1 0 31 30 29 28 27 43 44 45 46 47 48 49 50 51 52 53 54 55 56 57 58 10 9 8 7 6
f28 39 38 37 36 35 34 33 32 63 62 61 60 12 13 14 15 16 17 18 19 20 21 22 23 24 25 26 27 43 42 41 40 7 6 5 4 3 2 1 0 31 30 29 28 44 45 46 47 48 49 50 51 52 53 54 55 56 57 58 59 11 10 9 8
f29 41 40 39 38 37 36 35 34 33 32 63 62 61 13 14 15 16 17 18 19 20 21 22 23 24 25 26 27 28 44 43 42 9 8 7 6 5 4 3 2 1 0 31 30 29 45 46 47 48 49 50 51 52 53 54 55 56 57 58 59 60 12 11 10
f30 43 42 41 40 39 38 37 36 35 34 33 32 63 62 14 15 16 17 18 19 20 21 22 23 24 25 26 27 28 29 45 44 11 10 9 8 7 6 5 4 3 2 1 0 31 30 46 47 48 49 50 51 52 53 54 55 56 57 58 59 60 61 13 12
f31 45 44 43 42 41 40 39 38 37 36 35 34 33 32 63 15 16 17 18 19 20 21 22 23 24 25 26 27 28 29 30 46 13 12 11 10 9 8 7 6 5 4 3 2 1 0 31 47 48 49 50 51 52 53 54 55 56 57 58 59 60 61 62 14
r0 1 2 3 4 5 6 7 8 9 10 11 12 13 14 15 16 17 18 19 20 21 22 23 24 25 26 27 28 29 30 31 0 32 33 34 35 36 37 38 39 40 41 42 43 44 45 46 47 48 49 50 51 52 53 54 55 56 57 58 59 60 61 62 63
r1 0 1 2 3 4 5 6 7 8 9 10 11 12 13 14 15 16 17 18 19 20 21 22 23 24 25 26 27 28 29 30 31 33 34 35 36 37 38 39 40 41 42 43 44 45 46 47 48 49 50 51 52 53 54 55 56 57 58 59 60 61 62 63 32
0 0 0 0 1 1 1 1 2 2 2 2 3 3 3 3 4 4 4 4 5 5 5 5 6 6 6 6 7 7 7 7 8 8 8 8 9 9 9 9 10 10 10 10 11 11 11 11 12 12 12 12 13 13 13 13 14 14 14 14 15 15 15 15
10 11 3 12 1 14 9 7 2 13 5 7 11 8 13 0 14 6 3 9 10 15 7 5 15 2 1 8 8 1 10 12 0 5 8 4 1 14 11 0 6 9 4 6 12 2 14 4 6 7 12 3 4 10 13 11 15 9 2 3 0 13 15 5
