353 globe_2/6 36 15 4
f0 29 28 27 26 25 24 6 7 8 9 10 11 12 13 14 15 16 17 18 19 20 21 22 23 5 4 3 2 1 0 30 31 32 33 34 35
f1 0 30 29 28 27 26 25 7 8 9 10 11 12 13 14 15 16 17 18 19 20 21 22 23 24 6 5 4 3 2 1 31 32 33 34 35
f2 0 1 31 30 29 28 27 26 8 9 10 11 12 13 14 15 16 17 18 19 20 21 22 23 24 25 7 6 5 4 3 2 32 33 34 35
f3 0 1 2 32 31 30 29 28 27 9 10 11 12 13 14 15 16 17 18 19 20 21 22 23 24 25 26 8 7 6 5 4 3 33 34 35
f4 0 1 2 3 33 32 31 30 29 28 10 11 12 13 14 15 16 17 18 19 20 21 22 23 24 25 26 27 9 8 7 6 5 4 34 35
f5 0 1 2 3 4 34 33 32 31 30 29 11 12 13 14 15 16 17 18 19 20 21 22 23 24 25 26 27 28 10 9 8 7 6 5 35
f6 0 1 2 3 4 5 35 34 33 32 31 30 12 13 14 15 16 17 18 19 20 21 22 23 24 25 26 27 28 29 11 10 9 8 7 6
f7 31 1 2 3 4 5 6 24 35 34 33 32 12 13 14 15 16 17 18 19 20 21 22 23 7 25 26 27 28 29 30 0 11 10 9 8
f8 33 32 2 3 4 5 6 7 25 24 35 34 12 13 14 15 16 17 18 19 20 21 22 23 9 8 26 27 28 29 30 31 1 0 11 10
f9 35 34 33 3 4 5 6 7 8 26 25 24 12 13 14 15 16 17 18 19 20 21 22 23 11 10 9 27 28 29 30 31 32 2 1 0
f10 25 24 35 34 4 5 6 7 8 9 27 26 12 13 14 15 16 17 18 19 20 21 22 23 1 0 11 10 28 29 30 31 32 33 3 2
f11 27 26 25 24 35 5 6 7 8 9 10 28 12 13 14 15 16 17 18 19 20 21 22 23 3 2 1 0 11 29 30 31 32 33 34 4
r0 1 2 3 4 5 6 7 8 9 10 11 0 12 13 14 15 16 17 18 19 20 21 22 23 24 25 26 27 28 29 30 31 32 33 34 35
r1 0 1 2 3 4 5 6 7 8 9 10 11 13 14 15 16 17 18 19 20 21 22 23 12 24 25 26 27 28 29 30 31 32 33 34 35
r2 0 1 2 3 4 5 6 7 8 9 10 11 12 13 14 15 16 17 18 19 20 21 22 23 25 26 27 28 29 30 31 32 33 34 35 24
0 0 0 1 1 1 2 2 2 3 3 3 4 4 4 5 5 5 6 6 6 7 7 7 8 8 8 9 9 9 10 10 10 11 11 11
8 9 0 9 11 3 11 1 2 8 2 3 5 5 6 6 6 7 7 7 4 4 4 5 10 10 0 11 0 1 2 10 9 3 8 1
