359 globe_3/4 32 12 4
f0 27 26 25 24 4 5 6 7 19 18 17 16 12 13 14 15 11 10 9 8 20 21 22 23 3 2 1 0 28 29 30 31
f1 0 28 27 26 25 5 6 7 8 20 19 18 17 13 14 15 16 12 11 10 9 21 22 23 24 4 3 2 1 29 30 31
f2 0 1 29 28 27 26 6 7 8 9 21 20 19 18 14 15 16 17 13 12 11 10 22 23 24 25 5 4 3 2 30 31
f3 0 1 2 30 29 28 27 7 8 9 10 22 21 20 19 15 16 17 18 14 13 12 11 23 24 25 26 6 5 4 3 31
f4 0 1 2 3 31 30 29 28 8 9 10 11 23 22 21 20 16 17 18 19 15 14 13 12 24 25 26 27 7 6 5 4
f5 29 1 2 3 4 24 31 30 21 9 10 11 12 16 23 22 13 17 18 19 20 8 15 14 5 25 26 27 28 0 7 6
f6 31 30 2 3 4 5 25 24 23 22 10 11 12 13 17 16 15 14 18 19 20 21 9 8 7 6 26 27 28 29 1 0
f7 25 24 31 3 4 5 6 26 17 16 23 11 12 13 14 18 9 8 15 19 20 21 22 10 1 0 7 27 28 29 30 2
r0 1 2 3 4 5 6 7 0 8 9 10 11 12 13 14 15 16 17 18 19 20 21 22 23 24 25 26 27 28 29 30 31
r1 0 1 2 3 4 5 6 7 9 10 11 12 13 14 15 8 16 17 18 19 20 21 22 23 24 25 26 27 28 29 30 31
r2 0 1 2 3 4 5 6 7 8 9 10 11 12 13 14 15 17 18 19 20 21 22 23 16 24 25 26 27 28 29 30 31
r3 0 1 2 3 4 5 6 7 8 9 10 11 12 13 14 15 16 17 18 19 20 21 22 23 25 26 27 28 29 30 31 24
0 0 1 1 2 2 3 3 0 0 1 1 2 2 3 3 4 4 5 5 6 6 7 7 4 4 5 5 6 6 7 7
5 4 3 4 6 2 5 1 6 4 6 2 4 3 7 0 7 0 5 1 2 1 5 3 6 2 0 7 3 7 0 1
