377 globe_6/4 56 15 0
f0 51 50 49 48 4 5 6 7 43 42 41 40 12 13 14 15 35 34 33 32 20 21 22 23 24 25 26 27 28 29 30 31 19 18 17 16 36 37 38 39 11 10 9 8 44 45 46 47 3 2 1 0 52 53 54 55
f1 0 52 51 50 49 5 6 7 8 44 43 42 41 13 14 15 16 36 35 34 33 21 22 23 24 25 26 27 28 29 30 31 32 20 19 18 17 37 38 39 40 12 11 10 9 45 46 47 48 4 3 2 1 53 54 55
f2 0 1 53 52 51 50 6 7 8 9 45 44 43 42 14 15 16 17 37 36 35 34 22 23 24 25 26 27 28 29 30 31 32 33 21 20 19 18 38 39 40 41 13 12 11 10 46 47 48 49 5 4 3 2 54 55
f3 0 1 2 54 53 52 51 7 8 9 10 46 45 44 43 15 16 17 18 38 37 36 35 23 24 25 26 27 28 29 30 31 32 33 34 22 21 20 19 39 40 41 42 14 13 12 11 47 48 49 50 6 5 4 3 55
f4 0 1 2 3 55 54 53 52 8 9 10 11 47 46 45 44 16 17 18 19 39 38 37 36 24 25 26 27 28 29 30 31 32 33 34 35 23 22 21 20 40 41 42 43 15 14 13 12 48 49 50 51 7 6 5 4
f5 53 1 2 3 4 48 55 54 45 9 10 11 12 40 47 46 37 17 18 19 20 32 39 38 24 25 26 27 28 29 30 31 21 33 34 35 36 16 23 22 13 41 42 43 44 8 15 14 5 49 50 51 52 0 7 6
f6 55 54 2 3 4 5 49 48 47 46 10 11 12 13 41 40 39 38 18 19 20 21 33 32 24 25 26 27 28 29 30 31 23 22 34 35 36 37 17 16 15 14 42 43 44 45 9 8 7 6 50 51 52 53 1 0
f7 49 48 55 3 4 5 6 50 41 40 47 11 12 13 14 42 33 32 39 19 20 21 22 34 24 25 26 27 28 29 30 31 17 16 23 35 36 37 38 18 9 8 15 43 44 45 46 10 1 0 7 51 52 53 54 2
r0 1 2 3 4 5 6 7 0 8 9 10 11 12 13 14 15 16 17 18 19 20 21 22 23 24 25 26 27 28 29 30 31 32 33 34 35 36 37 38 39 40 41 42 43 44 45 46 47 48 49 50 51 52 53 54 55
r1 0 1 2 3 4 5 6 7 9 10 11 12 13 14 15 8 16 17 18 19 20 21 22 23 24 25 26 27 28 29 30 31 32 33 34 35 36 37 38 39 40 41 42 43 44 45 46 47 48 49 50 51 52 53 54 55
r2 0 1 2 3 4 5 6 7 8 9 10 11 12 13 14 15 17 18 19 20 21 22 23 16 24 25 26 27 28 29 30 31 32 33 34 35 36 37 38 39 40 41 42 43 44 45 46 47 48 49 50 51 52 53 54 55
r3 0 1 2 3 4 5 6 7 8 9 10 11 12 13 14 15 16 17 18 19 20 21 22 23 25 26 27 28 29 30 31 24 32 33 34 35 36 37 38 39 40 41 42 43 44 45 46 47 48 49 50 51 52 53 54 55
r4 0 1 2 3 4 5 6 7 8 9 10 11 12 13 14 15 16 17 18 19 20 21 22 23 24 25 26 27 28 29 30 31 33 34 35 36 37 38 39 32 40 41 42 43 44 45 46 47 48 49 50 51 52 53 54 55
r5 0 1 2 3 4 5 6 7 8 9 10 11 12 13 14 15 16 17 18 19 20 21 22 23 24 25 26 27 28 29 30 31 32 33 34 35 36 37 38 39 41 42 43 44 45 46 47 40 48 49 50 51 52 53 54 55
r6 0 1 2 3 4 5 6 7 8 9 10 11 12 13 14 15 16 17 18 19 20 21 22 23 24 25 26 27 28 29 30 31 32 33 34 35 36 37 38 39 40 41 42 43 44 45 46 47 49 50 51 52 53 54 55 48
0 0 1 1 2 2 3 3 0 0 1 1 2 2 3 3 0 0 1 1 2 2 3 3 4 4 5 5 6 6 7 7 8 8 9 9 10 10 11 11 8 8 9 9 10 10 11 11 8 8 9 9 10 10 11 11
3 3 10 0 9 2 8 9 2 8 0 0 10 11 2 10 9 1 10 2 11 3 3 8 6 7 7 4 4 5 5 6 0 9 8 0 11 10 1 2 11 3 8 1 9 3 9 1 2 8 10 0 11 1 1 11
