380 globe_6/8 112 23 0
f0 103 102 101 100 99 98 97 96 8 9 10 11 12 13 14 15 87 86 85 84 83 82 81 80 24 25 26 27 28 29 30 31 71 70 69 68 67 66 65 64 40 41 42 43 44 45 46 47 48 49 50 51 52 53 54 55 56 57 58 59 60 61 62 63 39 38 37 36 35 34 33 32 72 73 74 75 76 77 78 79 23 22 21 20 19 18 17 16 88 89 90 91 92 93 94 95 7 6 5 4 3 2 1 0 104 105 106 107 108 109 110 111
f1 0 104 103 102 101 100 99 98 97 9 10 11 12 13 14 15 16 88 87 86 85 84 83 82 81 25 26 27 28 29 30 31 32 72 71 70 69 68 67 66 65 41 42 43 44 45 46 47 48 49 50 51 52 53 54 55 56 57 58 59 60 61 62 63 64 40 39 38 37 36 35 34 33 73 74 75 76 77 78 79 80 24 23 22 21 20 19 18 17 89 90 91 92 93 94 95 96 8 7 6 5 4 3 2 1 105 106 107 108 109 110 111
f2 0 1 105 104 103 102 101 100 99 98 10 11 12 13 14 15 16 17 89 88 87 86 85 84 83 82 26 27 28 29 30 31 32 33 73 72 71 70 69 68 67 66 42 43 44 45 46 47 48 49 50 51 52 53 54 55 56 57 58 59 60 61 62 63 64 65 41 40 39 38 37 36 35 34 74 75 76 77 78 79 80 81 25 24 23 22 21 20 19 18 90 91 92 93 94 95 96 97 9 8 7 6 5 4 3 2 106 107 108 109 110 111
f3 0 1 2 106 105 104 103 102 101 100 99 11 12 13 14 15 16 17 18 90 89 88 87 86 85 84 83 27 28 29 30 31 32 33 34 74 73 72 71 70 69 68 67 43 44 45 46 47 48 49 50 51 52 53 54 55 56 57 58 59 60 61 62 63 64 65 66 42 41 40 39 38 37 36 35 75 76 77 78 79 80 81 82 26 25 24 23 22 21 20 19 91 92 93 94 95 96 97 98 10 9 8 7 6 5 4 3 107 108 109 110 111
f4 0 1 2 3 107 106 105 104 103 102 101 100 12 13 14 15 16 17 18 19 91 90 89 88 87 86 85 84 28 29 30 31 32 33 34 35 75 74 73 72 71 70 69 68 44 45 46 47 48 49 50 51 52 53 54 55 56 57 58 59 60 61 62 63 64 65 66 67 43 42 41 40 39 38 37 36 76 77 78 79 80 81 82 83 27 26 25 24 23 22 21 20 92 93 94 95 96 97 98 99 11 10 9 8 7 6 5 4 108 109 110 111
f5 0 1 2 3 4 108 107 106 105 104 103 102 101 13 14 15 16 17 18 19 20 92 91 90 89 88 87 86 85 29 30 31 32 33 34 35 36 76 75 74 73 72 71 70 69 45 46 47 48 49 50 51 52 53 54 55 56 57 58 59 60 61 62 63 64 65 66 67 68 44 43 42 41 40 39 38 37 77 78 79 80 81 82 83 84 28 27 26 25 24 23 22 21 93 94 95 96 97 98 99 100 12 11 10 9 8 7 6 5 109 110 111
f6 0 1 2 3 4 5 109 108 107 106 105 104 103 102 14 15 16 17 18 19 20 21 93 92 91 90 89 88 87 86 30 31 32 33 34 35 36 37 77 76 75 74 73 72 71 70 46 47 48 49 50 51 52 53 54 55 56 57 58 59 60 61 62 63 64 65 66 67 68 69 45 44 43 42 41 40 39 38 78 79 80 81 82 83 84 85 29 28 27 26 25 24 23 22 94 95 96 97 98 99 100 101 13 12 11 10 9 8 7 6 110 111
f7 0 1 2 3 4 5 6 110 109 108 107 106 105 104 103 15 16 17 18 19 20 21 22 94 93 92 91 90 89 88 87 31 32 33 34 35 36 37 38 78 77 76 75 74 73 72 71 47 48 49 50 51 52 53 54 55 56 57 58 59 60 61 62 63 64 65 66 67 68 69 70 46 45 44 43 42 41 40 39 79 80 81 82 83 84 85 86 30 29 28 27 26 25 24 23 95 96 97 98 99 100 101 102 14 13 12 11 10 9 8 7 111
f8 0 1 2 3 4 5 6 7 111 110 109 108 107 106 105 104 16 17 18 19 20 21 22 23 95 94 93 92 91 90 89 88 32 33 34 35 36 37 38 39 79 78 77 76 75 74 73 72 48 49 50 51 52 53 54 55 56 57 58 59 60 61 62 63 64 65 66 67 68 69 70 71 47 46 45 44 43 42 41 40 80 81 82 83 84 85 86 87 31 30 29 28 27 26 25 24 96 97 98 99 100 101 102 103 15 14 13 12 11 10 9 8
f9 105 1 2 3 4 5 6 7 8 96 111 110 109 108 107 106 89 17 18 19 20 21 22 23 24 80 95 94 93 92 91 90 73 33 34 35 36 37 38 39 40 64 79 78 77 76 75 74 48 49 50 51 52 53 54 55 56 57 58 59 60 61 62 63 41 65 66 67 68 69 70 71 72 32 47 46 45 44 43 42 25 81 82 83 84 85 86 87 88 16 31 30 29 28 27 26 9 97 98 99 100 101 102 103 104 0 15 14 13 12 11 10
f10 107 106 2 3 4 5 6 7 8 9 97 96 111 110 109 108 91 90 18 19 20 21 22 23 24 25 81 80 95 94 93 92 75 74 34 35 36 37 38 39 40 41 65 64 79 78 77 76 48 49 50 51 52 53 54 55 56 57 58 59 60 61 62 63 43 42 66 67 68 69 70 71 72 73 33 32 47 46 45 44 27 26 82 83 84 85 86 87 88 89 17 16 31 30 29 28 11 10 98 99 100 101 102 103 104 105 1 0 15 14 13 12
f11 109 108 107 3 4 5 6 7 8 9 10 98 97 96 111 110 93 92 91 19 20 21 22 23 24 25 26 82 81 80 95 94 77 76 75 35 36 37 38 39 40 41 42 66 65 64 79 78 48 49 50 51 52 53 54 55 56 57 58 59 60 61 62 63 45 44 43 67 68 69 70 71 72 73 74 34 33 32 47 46 29 28 27 83 84 85 86 87 88 89 90 18 17 16 31 30 13 12 11 99 100 101 102 103 104 105 106 2 1 0 15 14
f12 111 110 109 108 4 5 6 7 8 9 10 11 99 98 97 96 95 94 93 92 20 21 22 23 24 25 26 27 83 82 81 80 79 78 77 76 36 37 38 39 40 41 42 43 67 66 65 64 48 49 50 51 52 53 54 55 56 57 58 59 60 61 62 63 47 46 45 44 68 69 70 71 72 73 74 75 35 34 33 32 31 30 29 28 84 85 86 87 88 89 90 91 19 18 17 16 15 14 13 12 100 101 102 103 104 105 106 107 3 2 1 0
f13 97 96 111 110 109 5 6 7 8 9 10 11 12 100 99 98 81 80 95 94 93 21 22 23 24 25 26 27 28 84 83 82 65 64 79 78 77 37 38 39 40 41 42 43 44 68 67 66 48 49 50 51 52 53 54 55 56 57 58 59 60 61 62 63 33 32 47 46 45 69 70 71 72 73 74 75 76 36 35 34 17 16 31 30 29 85 86 87 88 89 90 91 92 20 19 18 1 0 15 14 13 101 102 103 104 105 106 107 108 4 3 2
f14 99 98 97 96 111 110 6 7 8 9 10 11 12 13 101 100 83 82 81 80 95 94 22 23 24 25 26 27 28 29 85 84 67 66 65 64 79 78 38 39 40 41 42 43 44 45 69 68 48 49 50 51 52 53 54 55 56 57 58 59 60 61 62 63 35 34 33 32 47 46 70 71 72 73 74 75 76 77 37 36 19 18 17 16 31 30 86 87 88 89 90 91 92 93 21 20 3 2 1 0 15 14 102 103 104 105 106 107 108 109 5 4
f15 101 100 99 98 97 96 111 7 8 9 10 11 12 13 14 102 85 84 83 82 81 80 95 23 24 25 26 27 28 29 30 86 69 68 67 66 65 64 79 39 40 41 42 43 44 45 46 70 48 49 50 51 52 53 54 55 56 57 58 59 60 61 62 63 37 36 35 34 33 32 47 71 72 73 74 75 76 77 78 38 21 20 19 18 17 16 31 87 88 89 90 91 92 93 94 22 5 4 3 2 1 0 15 103 104 105 106 107 108 109 110 6
r0 1 2 3 4 5 6 7 8 9 10 11 12 13 14 15 0 16 17 18 19 20 21 22 23 24 25 26 27 28 29 30 31 32 33 34 35 36 37 38 39 40 41 42 43 44 45 46 47 48 49 50 51 52 53 54 55 56 57 58 59 60 61 62 63 64 65 66 67 68 69 70 71 72 73 74 75 76 77 78 79 80 81 82 83 84 85 86 87 88 89 90 91 92 93 94 95 96 97 98 99 100 101 102 103 104 105 106 107 108 109 110 111
r1 0 1 2 3 4 5 6 7 8 9 10 11 12 13 14 15 17 18 19 20 21 22 23 24 25 26 27 28 29 30 31 16 32 33 34 35 36 37 38 39 40 41 42 43 44 45 46 47 48 49 50 51 52 53 54 55 56 57 58 59 60 61 62 63 64 65 66 67 68 69 70 71 72 73 74 75 76 77 78 79 80 81 82 83 84 85 86 87 88 89 90 91 92 93 94 95 96 97 98 99 100 101 102 103 104 105 106 107 108 109 110 111
r2 0 1 2 3 4 5 6 7 8 9 10 11 12 13 14 15 16 17 18 19 20 21 22 23 24 25 26 27 28 29 30 31 33 34 35 36 37 38 39 40 41 42 43 44 45 46 47 32 48 49 50 51 52 53 54 55 56 57 58 59 60 61 62 63 64 65 66 67 68 69 70 71 72 73 74 75 76 77 78 79 80 81 82 83 84 85 86 87 88 89 90 91 92 93 94 95 96 97 98 99 100 101 102 103 104 105 106 107 108 109 110 111
r3 0 1 2 3 4 5 6 7 8 9 10 11 12 13 14 15 16 17 18 19 20 21 22 23 24 25 26 27 28 29 30 31 32 33 34 35 36 37 38 39 40 41 42 43 44 45 46 47 49 50 51 52 53 54 55 56 57 58 59 60 61 62 63 48 64 65 66 67 68 69 70 71 72 73 74 75 76 77 78 79 80 81 82 83 84 85 86 87 88 89 90 91 92 93 94 95 96 97 98 99 100 101 102 103 104 105 106 107 108 109 110 111
r4 0 1 2 3 4 5 6 7 8 9 10 11 12 13 14 15 16 17 18 19 20 21 22 23 24 25 26 27 28 29 30 31 32 33 34 35 36 37 38 39 40 41 42 43 44 45 46 47 48 49 50 51 52 53 54 55 56 57 58 59 60 61 62 63 65 66 67 68 69 70 71 72 73 74 75 76 77 78 79 64 80 81 82 83 84 85 86 87 88 89 90 91 92 93 94 95 96 97 98 99 100 101 102 103 104 105 106 107 108 109 110 111
r5 0 1 2 3 4 5 6 7 8 9 10 11 12 13 14 15 16 17 18 19 20 21 22 23 24 25 26 27 28 29 30 31 32 33 34 35 36 37 38 39 40 41 42 43 44 45 46 47 48 49 50 51 52 53 54 55 56 57 58 59 60 61 62 63 64 65 66 67 68 69 70 71 72 73 74 75 76 77 78 79 81 82 83 84 85 86 87 88 89 90 91 92 93 94 95 80 96 97 98 99 100 101 102 103 104 105 106 107 108 109 110 111
r6 0 1 2 3 4 5 6 7 8 9 10 11 12 13 14 15 16 17 18 19 20 21 22 23 24 25 26 27 28 29 30 31 32 33 34 35 36 37 38 39 40 41 42 43 44 45 46 47 48 49 50 51 52 53 54 55 56 57 58 59 60 61 62 63 64 65 66 67 68 69 70 71 72 73 74 75 76 77 78 79 80 81 82 83 84 85 86 87 88 89 90 91 92 93 94 95 97 98 99 100 101 102 103 104 105 106 107 108 109 110 111 96
0 0 1 1 2 2 3 3 4 4 5 5 6 6 7 7 0 0 1 1 2 2 3 3 4 4 5 5 6 6 7 7 0 0 1 1 2 2 3 3 4 4 5 5 6 6 7 7 8 8 9 9 10 10 11 11 12 12 13 13 14 14 15 15 16 16 17 17 18 18 19 19 20 20 21 21 22 22 23 23 16 16 17 17 18 18 19 19 20 20 21 21 22 22 23 23 16 16 17 17 18 18 19 19 20 20 21 21 22 22 23 23
19 16 21 3 5 20 2 0 1 4 3 20 17 21 22 17 1 20 7 20 6 19 3 23 4 0 21 23 0 5 18 17 17 0 4 16 18 21 22 3 19 6 20 1 19 5 0 7 14 14 15 15 8 8 9 9 10 10 11 11 12 12 13 13 20 7 23 18 3 5 1 4 6 17 2 22 2 16 23 21 5 19 16 2 17 22 1 22 21 6 3 16 4 7 18 2 5 6 18 2 6 1 0 4 7 18 7 23 22 23 16 19
