383 globe_6/10 140 27 8
f0 129 128 127 126 125 124 123 122 121 120 10 11 12 13 14 15 16 17 18 19 109 108 107 106 105 104 103 102 101 100 30 31 32 33 34 35 36 37 38 39 89 88 87 86 85 84 83 82 81 80 50 51 52 53 54 55 56 57 58 59 60 61 62 63 64 65 66 67 68 69 70 71 72 73 74 75 76 77 78 79 49 48 47 46 45 44 43 42 41 40 90 91 92 93 94 95 96 97 98 99 29 28 27 26 25 24 23 22 21 20 110 111 112 113 114 115 116 117 118 119 9 8 7 6 5 4 3 2 1 0 130 131 132 133 134 135 136 137 138 139
f1 0 130 129 128 127 126 125 124 123 122 121 11 12 13 14 15 16 17 18 19 20 110 109 108 107 106 105 104 103 102 101 31 32 33 34 35 36 37 38 39 40 90 89 88 87 86 85 84 83 82 81 51 52 53 54 55 56 57 58 59 60 61 62 63 64 65 66 67 68 69 70 71 72 73 74 75 76 77 78 79 80 50 49 48 47 46 45 44 43 42 41 91 92 93 94 95 96 97 98 99 100 30 29 28 27 26 25 24 23 22 21 111 112 113 114 115 116 117 118 119 120 10 9 8 7 6 5 4 3 2 1 131 132 133 134 135 136 137 138 139
f2 0 1 131 130 129 128 127 126 125 124 123 122 12 13 14 15 16 17 18 19 20 21 111 110 109 108 107 106 105 104 103 102 32 33 34 35 36 37 38 39 40 41 91 90 89 88 87 86 85 84 83 82 52 53 54 55 56 57 58 59 60 61 62 63 64 65 66 67 68 69 70 71 72 73 74 75 76 77 78 79 80 81 51 50 49 48 47 46 45 44 43 42 92 93 94 95 96 97 98 99 100 101 31 30 29 28 27 26 25 24 23 22 112 113 114 115 116 117 118 119 120 121 11 10 9 8 7 6 5 4 3 2 132 133 134 135 136 137 138 139
f3 0 1 2 132 131 130 129 128 127 126 125 124 123 13 14 15 16 17 18 19 20 21 22 112 111 110 109 108 107 106 105 104 103 33 34 35 36 37 38 39 40 41 42 92 91 90 89 88 87 86 85 84 83 53 54 55 56 57 58 59 60 61 62 63 64 65 66 67 68 69 70 71 72 73 74 75 76 77 78 79 80 81 82 52 51 50 49 48 47 46 45 44 43 93 94 95 96 97 98 99 100 101 102 32 31 30 29 28 27 26 25 24 23 113 114 115 116 117 118 119 120 121 122 12 11 10 9 8 7 6 5 4 3 133 134 135 136 137 138 139
f4 0 1 2 3 133 132 131 130 129 128 127 126 125 124 14 15 16 17 18 19 20 21 22 23 113 112 111 110 109 108 107 106 105 104 34 35 36 37 38 39 40 41 42 43 93 92 91 90 89 88 87 86 85 84 54 55 56 57 58 59 60 61 62 63 64 65 66 67 68 69 70 71 72 73 74 75 76 77 78 79 80 81 82 83 53 52 51 50 49 48 47 46 45 44 94 95 96 97 98 99 100 101 102 103 33 32 31 30 29 28 27 26 25 24 114 115 116 117 118 119 120 121 122 123 13 12 11 10 9 8 7 6 5 4 134 135 136 137 138 139
f5 0 1 2 3 4 134 133 132 131 130 129 128 127 126 125 15 16 17 18 19 20 21 22 23 24 114 113 112 111 110 109 108 107 106 105 35 36 37 38 39 40 41 42 43 44 94 93 92 91 90 89 88 87 86 85 55 56 57 58 59 60 61 62 63 64 65 66 67 68 69 70 71 72 73 74 75 76 77 78 79 80 81 82 83 84 54 53 52 51 50 49 48 47 46 45 95 96 97 98 99 100 101 102 103 104 34 33 32 31 30 29 28 27 26 25 115 116 117 118 119 120 121 122 123 124 14 13 12 11 10 9 8 7 6 5 135 136 137 138 139
f6 0 1 2 3 4 5 135 134 133 132 131 130 129 128 127 126 16 17 18 19 20 21 22 23 24 25 115 114 113 112 111 110 109 108 107 106 36 37 38 39 40 41 42 43 44 45 95 94 93 92 91 90 89 88 87 86 56 57 58 59 60 61 62 63 64 65 66 67 68 69 70 71 72 73 74 75 76 77 78 79 80 81 82 83 84 85 55 54 53 52 51 50 49 48 47 46 96 97 98 99 100 101 102 103 104 105 35 34 33 32 31 30 29 28 27 26 116 117 118 119 120 121 122 123 124 125 15 14 13 12 11 10 9 8 7 6 136 137 138 139
f7 0 1 2 3 4 5 6 136 135 134 133 132 131 130 129 128 127 17 18 19 20 21 22 23 24 25 26 116 115 114 113 112 111 110 109 108 107 37 38 39 40 41 42 43 44 45 46 96 95 94 93 92 91 90 89 88 87 57 58 59 60 61 62 63 64 65 66 67 68 69 70 71 72 73 74 75 76 77 78 79 80 81 82 83 84 85 86 56 55 54 53 52 51 50 49 48 47 97 98 99 100 101 102 103 104 105 106 36 35 34 33 32 31 30 29 28 27 117 118 119 120 121 122 123 124 125 126 16 15 14 13 12 11 10 9 8 7 137 138 139
f8 0 1 2 3 4 5 6 7 137 136 135 134 133 132 131 130 129 128 18 19 20 21 22 23 24 25 26 27 117 116 115 114 113 112 111 110 109 108 38 39 40 41 42 43 44 45 46 47 97 96 95 94 93 92 91 90 89 88 58 59 60 61 62 63 64 65 66 67 68 69 70 71 72 73 74 75 76 77 78 79 80 81 82 83 84 85 86 87 57 56 55 54 53 52 51 50 49 48 98 99 100 101 102 103 104 105 106 107 37 36 35 34 33 32 31 30 29 28 118 119 120 121 122 123 124 125 126 127 17 16 15 14 13 12 11 10 9 8 138 139
f9 0 1 2 3 4 5 6 7 8 138 137 136 135 134 133 132 131 130 129 19 20 21 22 23 24 25 26 27 28 118 117 116 115 114 113 112 111 110 109 39 40 41 42 43 44 45 46 47 48 98 97 96 95 94 93 92 91 90 89 59 60 61 62 63 64 65 66 67 68 69 70 71 72 73 74 75 76 77 78 79 80 81 82 83 84 85 86 87 88 58 57 56 55 54 53 52 51 50 49 99 100 101 102 103 104 105 106 107 108 38 37 36 35 34 33 32 31 30 29 119 120 121 122 123 124 125 126 127 128 18 17 16 15 14 13 12 11 10 9 139
f10 0 1 2 3 4 5 6 7 8 9 139 138 137 136 135 134 133 132 131 130 20 21 22 23 24 25 26 27 28 29 119 118 117 116 115 114 113 112 111 110 40 41 42 43 44 45 46 47 48 49 99 98 97 96 95 94 93 92 91 90 60 61 62 63 64 65 66 67 68 69 70 71 72 73 74 75 76 77 78 79 80 81 82 83 84 85 86 87 88 89 59 58 57 56 55 54 53 52 51 50 100 101 102 103 104 105 106 107 108 109 39 38 37 36 35 34 33 32 31 30 120 121 122 123 124 125 126 127 128 129 19 18 17 16 15 14 13 12 11 10
f11 131 1 2 3 4 5 6 7 8 9 10 120 139 138 137 136 135 134 133 132 111 21 22 23 24 25 26 27 28 29 30 100 119 118 117 116 115 114 113 112 91 41 42 43 44 45 46 47 48 49 50 80 99 98 97 96 95 94 93 92 60 61 62 63 64 65 66 67 68 69 70 71 72 73 74 75 76 77 78 79 51 81 82 83 84 85 86 87 88 89 90 40 59 58 57 56 55 54 53 52 31 101 102 103 104 105 106 107 108 109 110 20 39 38 37 36 35 34 33 32 11 121 122 123 124 125 126 127 128 129 130 0 19 18 17 16 15 14 13 12
f12 133 132 2 3 4 5 6 7 8 9 10 11 121 120 139 138 137 136 135 134 113 112 22 23 24 25 26 27 28 29 30 31 101 100 119 118 117 116 115 114 93 92 42 43 44 45 46 47 48 49 50 51 81 80 99 98 97 96 95 94 60 61 62 63 64 65 66 67 68 69 70 71 72 73 74 75 76 77 78 79 53 52 82 83 84 85 86 87 88 89 90 91 41 40 59 58 57 56 55 54 33 32 102 103 104 105 106 107 108 109 110 111 21 20 39 38 37 36 35 34 13 12 122 123 124 125 126 127 128 129 130 131 1 0 19 18 17 16 15 14
f13 135 134 133 3 4 5 6 7 8 9 10 11 12 122 121 120 139 138 137 136 115 114 113 23 24 25 26 27 28 29 30 31 32 102 101 100 119 118 117 116 95 94 93 43 44 45 46 47 48 49 50 51 52 82 81 80 99 98 97 96 60 61 62 63 64 65 66 67 68 69 70 71 72 73 74 75 76 77 78 79 55 54 53 83 84 85 86 87 88 89 90 91 92 42 41 40 59 58 57 56 35 34 33 103 104 105 106 107 108 109 110 111 112 22 21 20 39 38 37 36 15 14 13 123 124 125 126 127 128 129 130 131 132 2 1 0 19 18 17 16
f14 137 136 135 134 4 5 6 7 8 9 10 11 12 13 123 122 121 120 139 138 117 116 115 114 24 25 26 27 28 29 30 31 32 33 103 102 101 100 119 118 97 96 95 94 44 45 46 47 48 49 50 51 52 53 83 82 81 80 99 98 60 61 62 63 64 65 66 67 68 69 70 71 72 73 74 75 76 77 78 79 57 56 55 54 84 85 86 87 88 89 90 91 92 93 43 42 41 40 59 58 37 36 35 34 104 105 106 107 108 109 110 111 112 113 23 22 21 20 39 38 17 16 15 14 124 125 126 127 128 129 130 131 132 133 3 2 1 0 19 18
f15 139 138 137 136 135 5 6 7 8 9 10 11 12 13 14 124 123 122 121 120 119 118 117 116 115 25 26 27 28 29 30 31 32 33 34 104 103 102 101 100 99 98 97 96 95 45 46 47 48 49 50 51 52 53 54 84 83 82 81 80 60 61 62 63 64 65 66 67 68 69 70 71 72 73 74 75 76 77 78 79 59 58 57 56 55 85 86 87 88 89 90 91 92 93 94 44 43 42 41 40 39 38 37 36 35 105 106 107 108 109 110 111 112 113 114 24 23 22 21 20 19 18 17 16 15 125 126 127 128 129 130 131 132 133 134 4 3 2 1 0
f16 121 120 139 138 137 136 6 7 8 9 10 11 12 13 14 15 125 124 123 122 101 100 119 118 117 116 26 27 28 29 30 31 32 33 34 35 105 104 103 102 81 80 99 98 97 96 46 47 48 49 50 51 52 53 54 55 85 84 83 82 60 61 62 63 64 65 66 67 68 69 70 71 72 73 74 75 76 77 78 79 41 40 59 58 57 56 86 87 88 89 90 91 92 93 94 95 45 44 43 42 21 20 39 38 37 36 106 107 108 109 110 111 112 113 114 115 25 24 23 22 1 0 19 18 17 16 126 127 128 129 130 131 132 133 134 135 5 4 3 2
f17 123 122 121 120 139 138 137 7 8 9 10 11 12 13 14 15 16 126 125 124 103 102 101 100 119 118 117 27 28 29 30 31 32 33 34 35 36 106 105 104 83 82 81 80 99 98 97 47 48 49 50 51 52 53 54 55 56 86 85 84 60 61 62 63 64 65 66 67 68 69 70 71 72 73 74 75 76 77 78 79 43 42 41 40 59 58 57 87 88 89 90 91 92 93 94 95 96 46 45 44 23 22 21 20 39 38 37 107 108 109 110 111 112 113 114 115 116 26 25 24 3 2 1 0 19 18 17 127 128 129 130 131 132 133 134 135 136 6 5 4
f18 125 124 123 122 121 120 139 138 8 9 10 11 12 13 14 15 16 17 127 126 105 104 103 102 101 100 119 118 28 29 30 31 32 33 34 35 36 37 107 106 85 84 83 82 81 80 99 98 48 49 50 51 52 53 54 55 56 57 87 86 60 61 62 63 64 65 66 67 68 69 70 71 72 73 74 75 76 77 78 79 45 44 43 42 41 40 59 58 88 89 90 91 92 93 94 95 96 97 47 46 25 24 23 22 21 20 39 38 108 109 110 111 112 113 114 115 116 117 27 26 5 4 3 2 1 0 19 18 128 129 130 131 132 133 134 135 136 137 7 6
f19 127 126 125 124 123 122 121 120 139 9 10 11 12 13 14 15 16 17 18 128 107 106 105 104 103 102 101 100 119 29 30 31 32 33 34 35 36 37 38 108 87 86 85 84 83 82 81 80 99 49 50 51 52 53 54 55 56 57 58 88 60 61 62 63 64 65 66 67 68 69 70 71 72 73 74 75 76 77 78 79 47 46 45 44 43 42 41 40 59 89 90 91 92 93 94 95 96 97 98 48 27 26 25 24 23 22 21 20 39 109 110 111 112 113 114 115 116 117 118 28 7 6 5 4 3 2 1 0 19 129 130 131 132 133 134 135 136 137 138 8
r0 1 2 3 4 5 6 7 8 9 10 11 12 13 14 15 16 17 18 19 0 20 21 22 23 24 25 26 27 28 29 30 31 32 33 34 35 36 37 38 39 40 41 42 43 44 45 46 47 48 49 50 51 52 53 54 55 56 57 58 59 60 61 62 63 64 65 66 67 68 69 70 71 72 73 74 75 76 77 78 79 80 81 82 83 84 85 86 87 88 89 90 91 92 93 94 95 96 97 98 99 100 101 102 103 104 105 106 107 108 109 110 111 112 113 114 115 116 117 118 119 120 121 122 123 124 125 126 127 128 129 130 131 132 133 134 135 136 137 138 139
r1 0 1 2 3 4 5 6 7 8 9 10 11 12 13 14 15 16 17 18 19 21 22 23 24 25 26 27 28 29 30 31 32 33 34 35 36 37 38 39 20 40 41 42 43 44 45 46 47 48 49 50 51 52 53 54 55 56 57 58 59 60 61 62 63 64 65 66 67 68 69 70 71 72 73 74 75 76 77 78 79 80 81 82 83 84 85 86 87 88 89 90 91 92 93 94 95 96 97 98 99 100 101 102 103 104 105 106 107 108 109 110 111 112 113 114 115 116 117 118 119 120 121 122 123 124 125 126 127 128 129 130 131 132 133 134 135 136 137 138 139
r2 0 1 2 3 4 5 6 7 8 9 10 11 12 13 14 15 16 17 18 19 20 21 22 23 24 25 26 27 28 29 30 31 32 33 34 35 36 37 38 39 41 42 43 44 45 46 47 48 49 50 51 52 53 54 55 56 57 58 59 40 60 61 62 63 64 65 66 67 68 69 70 71 72 73 74 75 76 77 78 79 80 81 82 83 84 85 86 87 88 89 90 91 92 93 94 95 96 97 98 99 100 101 102 103 104 105 106 107 108 109 110 111 112 113 114 115 116 117 118 119 120 121 122 123 124 125 126 127 128 129 130 131 132 133 134 135 136 137 138 139
r3 0 1 2 3 4 5 6 7 8 9 10 11 12 13 14 15 16 17 18 19 20 21 22 23 24 25 26 27 28 29 30 31 32 33 34 35 36 37 38 39 40 41 42 43 44 45 46 47 48 49 50 51 52 53 54 55 56 57 58 59 61 62 63 64 65 66 67 68 69 70 71 72 73 74 75 76 77 78 79 60 80 81 82 83 84 85 86 87 88 89 90 91 92 93 94 95 96 97 98 99 100 101 102 103 104 105 106 107 108 109 110 111 112 113 114 115 116 117 118 119 120 121 122 123 124 125 126 127 128 129 130 131 132 133 134 135 136 137 138 139
r4 0 1 2 3 4 5 6 7 8 9 10 11 12 13 14 15 16 17 18 19 20 21 22 23 24 25 26 27 28 29 30 31 32 33 34 35 36 37 38 39 40 41 42 43 44 45 46 47 48 49 50 51 52 53 54 55 56 57 58 59 60 61 62 63 64 65 66 67 68 69 70 71 72 73 74 75 76 77 78 79 81 82 83 84 85 86 87 88 89 90 91 92 93 94 95 96 97 98 99 80 100 101 102 103 104 105 106 107 108 109 110 111 112 113 114 115 116 117 118 119 120 121 122 123 124 125 126 127 128 129 130 131 132 133 134 135 136 137 138 139
r5 0 1 2 3 4 5 6 7 8 9 10 11 12 13 14 15 16 17 18 19 20 21 22 23 24 25 26 27 28 29 30 31 32 33 34 35 36 37 38 39 40 41 42 43 44 45 46 47 48 49 50 51 52 53 54 55 56 57 58 59 60 61 62 63 64 65 66 67 68 69 70 71 72 73 74 75 76 77 78 79 80 81 82 83 84 85 86 87 88 89 90 91 92 93 94 95 96 97 98 99 101 102 103 104 105 106 107 108 109 110 111 112 113 114 115 116 117 118 119 100 120 121 122 123 124 125 126 127 128 129 130 131 132 133 134 135 136 137 138 139
r6 0 1 2 3 4 5 6 7 8 9 10 11 12 13 14 15 16 17 18 19 20 21 22 23 24 25 26 27 28 29 30 31 32 33 34 35 36 37 38 39 40 41 42 43 44 45 46 47 48 49 50 51 52 53 54 55 56 57 58 59 60 61 62 63 64 65 66 67 68 69 70 71 72 73 74 75 76 77 78 79 80 81 82 83 84 85 86 87 88 89 90 91 92 93 94 95 96 97 98 99 100 101 102 103 104 105 106 107 108 109 110 111 112 113 114 115 116 117 118 119 121 122 123 124 125 126 127 128 129 130 131 132 133 134 135 136 137 138 139 120
0 0 0 0 1 1 1 1 2 2 2 2 3 3 3 3 4 4 4 4 0 0 0 0 1 1 1 1 2 2 2 2 3 3 3 3 4 4 4 4 0 0 0 0 1 1 1 1 2 2 2 2 3 3 3 3 4 4 4 4 5 5 5 5 6 6 6 6 7 7 7 7 8 8 8 8 9 9 9 9 10 10 10 10 11 11 11 11 12 12 12 12 13 13 13 13 14 14 14 14 10 10 10 10 11 11 11 11 12 12 12 12 13 13 13 13 14 14 14 14 10 10 10 10 11 11 11 11 12 12 12 12 13 13 13 13 14 14 14 14
2 12 13 12 3 1 13 14 0 2 0 14 10 4 1 11 11 10 4 10 3 1 0 11 13 11 2 2 11 12 10 13 1 3 2 12 4 0 14 0 14 12 10 10 12 1 12 2 4 11 4 4 12 3 11 13 0 11 0 2 9 9 5 5 5 5 6 6 6 6 7 7 7 7 8 8 8 8 9 9 4 14 0 3 13 14 2 1 11 1 3 14 1 13 10 10 3 0 13 2 2 11 1 1 13 3 10 12 10 3 10 14 4 4 14 0 4 12 13 14 2 3 14 12 4 0 13 11 3 1 1 4 2 11 13 3 0 14 12 10
